                        [[3,[2,[8,0]]],[9,[5,[4,[3,2]]]]]


i                    [3,[2,[8,0]]]                    [9,[5,[4,[3,2]]]]


k          3                 [2,[8,0]]          9                [5,[4,[3,2]]]


m                           2          [8,0]                    5              [4,[3,2]]


o                                                                            4        [3,2]



[[[[4, 0], [5, 4]], [[7, 0], [15, 5]]], [10, [[0, [11, 3]], [[6, 3], [8, 8]]]]]


Manually exploded at [11, 3]


[[[[4, 0], [5, 4]], [[7, 0], [15, 5]]], [10, [[11, 0], [[9, 3], [8, 8]]]]]

appears to be working

Nope, still a problem with multi digit

[[[[4, 0], [5, 4]], [[7, 7], [0, 13]]], [[5, 10], [[0, 15], [[5, 6], 0]]]]

should NOT be

[[[[4, 0], [5, 4]], [[7, 7], [0, 13]]], [[5, 10], [[0, 110], [0, 6]]]]
